              precision    recall  f1-score   support

      FAKE_1       1.00      0.86      0.93        29
     FAKE_10       0.97      1.00      0.98        29
     FAKE_11       1.00      1.00      1.00        21
     FAKE_12       0.92      0.97      0.94        34
     FAKE_13       0.87      0.90      0.88        29
     FAKE_14       0.92      1.00      0.96        12
     FAKE_15       1.00      1.00      1.00        31
      FAKE_2       1.00      0.92      0.96        24
      FAKE_3       0.86      0.95      0.90        20
      FAKE_4       1.00      1.00      1.00        23
      FAKE_5       0.97      0.89      0.93        38
      FAKE_6       0.90      0.96      0.93        49
      FAKE_7       0.91      0.95      0.93        21
      FAKE_8       1.00      0.90      0.95        30
      FAKE_9       0.96      0.81      0.88        27
          R1       0.96      0.99      0.97       218
      REAL_1       0.96      0.96      0.96        56
     REAL_10       0.98      0.98      0.98        46
     REAL_11       0.99      1.00      0.99        71
     REAL_12       0.92      0.92      0.92        49
     REAL_13       0.96      1.00      0.98        45
     REAL_14       0.98      0.98      0.98        42
     REAL_15       0.95      0.97      0.96        39
      REAL_2       0.97      0.97      0.97        40
      REAL_3       0.94      0.98      0.96        50
      REAL_4       0.98      0.98      0.98        49
      REAL_5       0.92      0.89      0.91        38
      REAL_6       0.97      0.93      0.95        42
      REAL_7       0.98      0.91      0.95        47
      REAL_8       0.90      0.82      0.86        22
      REAL_9       0.97      0.99      0.98        68

    accuracy                           0.96      1339
   macro avg       0.96      0.95      0.95      1339
weighted avg       0.96      0.96      0.96      1339
