              precision    recall  f1-score   support

      FAKE_1       1.00      0.90      0.95        29
     FAKE_10       0.93      0.97      0.95        29
     FAKE_11       1.00      0.86      0.92        21
     FAKE_12       0.94      0.97      0.96        34
     FAKE_13       0.89      0.86      0.88        29
     FAKE_14       0.92      1.00      0.96        12
     FAKE_15       1.00      0.87      0.93        31
      FAKE_2       1.00      0.92      0.96        24
      FAKE_3       0.90      0.90      0.90        20
      FAKE_4       1.00      1.00      1.00        23
      FAKE_5       0.97      0.87      0.92        38
      FAKE_6       0.96      0.98      0.97        49
      FAKE_7       1.00      0.81      0.89        21
      FAKE_8       1.00      0.83      0.91        30
      FAKE_9       1.00      0.89      0.94        27
          R1       0.86      1.00      0.92       218
      REAL_1       0.96      0.95      0.95        56
     REAL_10       0.96      0.96      0.96        46
     REAL_11       0.99      1.00      0.99        71
     REAL_12       0.98      0.92      0.95        49
     REAL_13       1.00      0.96      0.98        45
     REAL_14       1.00      0.93      0.96        42
     REAL_15       1.00      0.97      0.99        39
      REAL_2       1.00      0.97      0.99        40
      REAL_3       0.98      0.98      0.98        50
      REAL_4       0.98      0.98      0.98        49
      REAL_5       0.97      0.92      0.95        38
      REAL_6       0.97      0.93      0.95        42
      REAL_7       0.94      0.94      0.94        47
      REAL_8       0.94      0.77      0.85        22
      REAL_9       0.88      0.99      0.93        68

    accuracy                           0.95      1339
   macro avg       0.97      0.93      0.94      1339
weighted avg       0.95      0.95      0.95      1339
