              precision    recall  f1-score   support

      FAKE_1       0.96      0.83      0.89        29
     FAKE_10       0.88      0.79      0.84        29
     FAKE_11       0.95      0.90      0.93        21
     FAKE_12       0.89      0.91      0.90        34
     FAKE_13       0.92      0.76      0.83        29
     FAKE_14       0.92      1.00      0.96        12
     FAKE_15       1.00      0.87      0.93        31
      FAKE_2       1.00      0.92      0.96        24
      FAKE_3       0.90      0.90      0.90        20
      FAKE_4       1.00      0.96      0.98        23
      FAKE_5       0.89      0.87      0.88        38
      FAKE_6       0.94      0.96      0.95        49
      FAKE_7       1.00      0.76      0.86        21
      FAKE_8       1.00      0.90      0.95        30
      FAKE_9       1.00      0.85      0.92        27
          R1       0.80      1.00      0.89       218
      REAL_1       0.95      0.93      0.94        56
     REAL_10       0.94      0.96      0.95        46
     REAL_11       0.95      0.97      0.96        71
     REAL_12       0.96      0.90      0.93        49
     REAL_13       1.00      0.98      0.99        45
     REAL_14       1.00      0.98      0.99        42
     REAL_15       0.97      0.95      0.96        39
      REAL_2       0.97      0.93      0.95        40
      REAL_3       1.00      0.96      0.98        50
      REAL_4       0.98      0.98      0.98        49
      REAL_5       1.00      0.92      0.96        38
      REAL_6       0.97      0.86      0.91        42
      REAL_7       0.94      0.94      0.94        47
      REAL_8       0.93      0.64      0.76        22
      REAL_9       0.99      1.00      0.99        68

    accuracy                           0.93      1339
   macro avg       0.95      0.90      0.93      1339
weighted avg       0.94      0.93      0.93      1339
