              precision    recall  f1-score   support

      FAKE_1       0.69      0.62      0.65        29
     FAKE_10       0.62      0.62      0.62        29
     FAKE_11       0.95      0.90      0.93        21
     FAKE_12       0.94      0.88      0.91        34
     FAKE_13       0.23      0.69      0.34        29
     FAKE_14       1.00      0.75      0.86        12
     FAKE_15       0.95      0.68      0.79        31
      FAKE_2       0.81      0.71      0.76        24
      FAKE_3       0.84      0.80      0.82        20
      FAKE_4       0.83      0.83      0.83        23
      FAKE_5       0.65      0.53      0.58        38
      FAKE_6       0.57      0.35      0.43        49
      FAKE_7       0.52      0.67      0.58        21
      FAKE_8       0.79      0.77      0.78        30
      FAKE_9       0.41      0.81      0.54        27
          R1       0.84      0.39      0.53       218
      REAL_1       0.51      0.64      0.57        56
     REAL_10       0.83      0.41      0.55        46
     REAL_11       0.82      0.52      0.64        71
     REAL_12       0.73      0.61      0.67        49
     REAL_13       0.59      0.51      0.55        45
     REAL_14       1.00      0.88      0.94        42
     REAL_15       0.95      0.51      0.67        39
      REAL_2       0.96      0.55      0.70        40
      REAL_3       0.39      0.74      0.51        50
      REAL_4       0.74      0.29      0.41        49
      REAL_5       0.82      0.24      0.37        38
      REAL_6       0.58      0.43      0.49        42
      REAL_7       0.60      0.26      0.36        47
      REAL_8       0.35      0.27      0.31        22
      REAL_9       0.22      0.93      0.36        68

    accuracy                           0.56      1339
   macro avg       0.70      0.61      0.61      1339
weighted avg       0.70      0.56      0.58      1339
