              precision    recall  f1-score   support

      FAKE_1       0.91      1.00      0.95        29
     FAKE_10       0.78      1.00      0.88        29
     FAKE_11       0.95      0.95      0.95        21
     FAKE_12       0.85      0.97      0.90        34
     FAKE_13       0.92      0.83      0.87        29
     FAKE_14       0.86      1.00      0.92        12
     FAKE_15       0.97      0.97      0.97        31
      FAKE_2       1.00      0.92      0.96        24
      FAKE_3       0.91      1.00      0.95        20
      FAKE_4       0.96      1.00      0.98        23
      FAKE_5       1.00      0.79      0.88        38
      FAKE_6       0.88      0.92      0.90        49
      FAKE_7       1.00      0.86      0.92        21
      FAKE_8       1.00      0.90      0.95        30
      FAKE_9       0.95      0.74      0.83        27
          R1       0.94      0.98      0.96       218
      REAL_1       0.92      0.96      0.94        56
     REAL_10       1.00      0.96      0.98        46
     REAL_11       0.99      0.99      0.99        71
     REAL_12       0.98      0.94      0.96        49
     REAL_13       1.00      0.93      0.97        45
     REAL_14       0.93      0.95      0.94        42
     REAL_15       0.97      0.97      0.97        39
      REAL_2       1.00      1.00      1.00        40
      REAL_3       0.98      1.00      0.99        50
      REAL_4       1.00      0.96      0.98        49
      REAL_5       0.97      0.89      0.93        38
      REAL_6       0.95      0.93      0.94        42
      REAL_7       0.96      0.96      0.96        47
      REAL_8       0.87      0.59      0.70        22
      REAL_9       0.89      0.99      0.94        68

    accuracy                           0.94      1339
   macro avg       0.94      0.93      0.93      1339
weighted avg       0.95      0.94      0.94      1339
